[0][0]= 1
[0][1]= 6
[0][2]= 5
[0][3]= 7
[0][4]= 9
[0][5]= 8
[0][6]= 4
[0][7]= 2
[0][8]= 3
[0][12]= 7
[0][13]= 3
[0][14]= 9
[0][15]= 6
[0][16]= 4
[0][17]= 8
[0][18]= 1
[0][19]= 2
[0][20]= 5
[1][0]= 4
[1][1]= 9
[1][2]= 2
[1][3]= 5
[1][4]= 6
[1][5]= 3
[1][6]= 8
[1][7]= 1
[1][8]= 7
[1][12]= 1
[1][13]= 4
[1][14]= 8
[1][15]= 7
[1][16]= 5
[1][17]= 2
[1][18]= 6
[1][19]= 3
[1][20]= 9
[2][0]= 3
[2][1]= 8
[2][2]= 7
[2][3]= 2
[2][4]= 1
[2][5]= 4
[2][6]= 9
[2][7]= 5
[2][8]= 6
[2][12]= 5
[2][13]= 6
[2][14]= 2
[2][15]= 3
[2][16]= 9
[2][17]= 1
[2][18]= 7
[2][19]= 4
[2][20]= 8
[3][0]= 9
[3][1]= 4
[3][2]= 6
[3][3]= 3
[3][4]= 5
[3][5]= 2
[3][6]= 1
[3][7]= 7
[3][8]= 8
[3][12]= 9
[3][13]= 7
[3][14]= 3
[3][15]= 5
[3][16]= 8
[3][17]= 6
[3][18]= 4
[3][19]= 1
[3][20]= 2
[4][0]= 8
[4][1]= 7
[4][2]= 3
[4][3]= 6
[4][4]= 4
[4][5]= 1
[4][6]= 5
[4][7]= 9
[4][8]= 2
[4][12]= 2
[4][13]= 5
[4][14]= 1
[4][15]= 4
[4][16]= 3
[4][17]= 9
[4][18]= 8
[4][19]= 6
[4][20]= 7
[5][0]= 2
[5][1]= 5
[5][2]= 1
[5][3]= 8
[5][4]= 7
[5][5]= 9
[5][6]= 3
[5][7]= 6
[5][8]= 4
[5][12]= 4
[5][13]= 8
[5][14]= 6
[5][15]= 1
[5][16]= 2
[5][17]= 7
[5][18]= 5
[5][19]= 9
[5][20]= 3
[6][0]= 5
[6][1]= 3
[6][2]= 8
[6][3]= 9
[6][4]= 2
[6][5]= 6
[6][6]= 7
[6][7]= 4
[6][8]= 1
[6][9]= 8
[6][10]= 2
[6][11]= 3
[6][12]= 6
[6][13]= 9
[6][14]= 5
[6][15]= 8
[6][16]= 1
[6][17]= 3
[6][18]= 2
[6][19]= 7
[6][20]= 4
[7][0]= 6
[7][1]= 1
[7][2]= 9
[7][3]= 4
[7][4]= 3
[7][5]= 7
[7][6]= 2
[7][7]= 8
[7][8]= 5
[7][9]= 9
[7][10]= 6
[7][11]= 7
[7][12]= 3
[7][13]= 1
[7][14]= 4
[7][15]= 2
[7][16]= 7
[7][17]= 5
[7][18]= 9
[7][19]= 8
[7][20]= 6
[8][0]= 7
[8][1]= 2
[8][2]= 4
[8][3]= 1
[8][4]= 8
[8][5]= 5
[8][6]= 6
[8][7]= 3
[8][8]= 9
[8][9]= 5
[8][10]= 1
[8][11]= 4
[8][12]= 8
[8][13]= 2
[8][14]= 7
[8][15]= 9
[8][16]= 6
[8][17]= 4
[8][18]= 3
[8][19]= 5
[8][20]= 1
[9][6]= 3
[9][7]= 9
[9][8]= 2
[9][9]= 4
[9][10]= 7
[9][11]= 6
[9][12]= 5
[9][13]= 8
[9][14]= 1
[10][6]= 8
[10][7]= 7
[10][8]= 6
[10][9]= 3
[10][10]= 5
[10][11]= 1
[10][12]= 2
[10][13]= 4
[10][14]= 9
[11][6]= 5
[11][7]= 1
[11][8]= 4
[11][9]= 2
[11][10]= 9
[11][11]= 8
[11][12]= 7
[11][13]= 3
[11][14]= 6
[12][0]= 9
[12][1]= 1
[12][2]= 8
[12][3]= 5
[12][4]= 3
[12][5]= 6
[12][6]= 4
[12][7]= 2
[12][8]= 7
[12][9]= 6
[12][10]= 3
[12][11]= 9
[12][12]= 1
[12][13]= 5
[12][14]= 8
[12][15]= 9
[12][16]= 4
[12][17]= 3
[12][18]= 7
[12][19]= 6
[12][20]= 2
[13][0]= 6
[13][1]= 2
[13][2]= 3
[13][3]= 7
[13][4]= 4
[13][5]= 9
[13][6]= 1
[13][7]= 5
[13][8]= 8
[13][9]= 7
[13][10]= 4
[13][11]= 2
[13][12]= 9
[13][13]= 6
[13][14]= 3
[13][15]= 1
[13][16]= 2
[13][17]= 7
[13][18]= 8
[13][19]= 5
[13][20]= 4
[14][0]= 5
[14][1]= 4
[14][2]= 7
[14][3]= 1
[14][4]= 2
[14][5]= 8
[14][6]= 9
[14][7]= 6
[14][8]= 3
[14][9]= 1
[14][10]= 8
[14][11]= 5
[14][12]= 4
[14][13]= 7
[14][14]= 2
[14][15]= 6
[14][16]= 5
[14][17]= 8
[14][18]= 1
[14][19]= 3
[14][20]= 9
[15][0]= 3
[15][1]= 9
[15][2]= 6
[15][3]= 4
[15][4]= 5
[15][5]= 1
[15][6]= 7
[15][7]= 8
[15][8]= 2
[15][12]= 3
[15][13]= 4
[15][14]= 1
[15][15]= 5
[15][16]= 7
[15][17]= 2
[15][18]= 9
[15][19]= 8
[15][20]= 6
[16][0]= 2
[16][1]= 5
[16][2]= 1
[16][3]= 3
[16][4]= 8
[16][5]= 7
[16][6]= 6
[16][7]= 4
[16][8]= 9
[16][12]= 6
[16][13]= 8
[16][14]= 5
[16][15]= 4
[16][16]= 1
[16][17]= 9
[16][18]= 3
[16][19]= 2
[16][20]= 7
[17][0]= 8
[17][1]= 7
[17][2]= 4
[17][3]= 6
[17][4]= 9
[17][5]= 2
[17][6]= 3
[17][7]= 1
[17][8]= 5
[17][12]= 7
[17][13]= 2
[17][14]= 9
[17][15]= 8
[17][16]= 3
[17][17]= 6
[17][18]= 5
[17][19]= 4
[17][20]= 1
[18][0]= 1
[18][1]= 8
[18][2]= 5
[18][3]= 9
[18][4]= 7
[18][5]= 4
[18][6]= 2
[18][7]= 3
[18][8]= 6
[18][12]= 2
[18][13]= 1
[18][14]= 6
[18][15]= 7
[18][16]= 8
[18][17]= 5
[18][18]= 4
[18][19]= 9
[18][20]= 3
[19][0]= 4
[19][1]= 3
[19][2]= 9
[19][3]= 2
[19][4]= 6
[19][5]= 5
[19][6]= 8
[19][7]= 7
[19][8]= 1
[19][12]= 5
[19][13]= 3
[19][14]= 4
[19][15]= 2
[19][16]= 9
[19][17]= 1
[19][18]= 6
[19][19]= 7
[19][20]= 8
[20][0]= 7
[20][1]= 6
[20][2]= 2
[20][3]= 8
[20][4]= 1
[20][5]= 3
[20][6]= 5
[20][7]= 9
[20][8]= 4
[20][12]= 8
[20][13]= 9
[20][14]= 7
[20][15]= 3
[20][16]= 6
[20][17]= 4
[20][18]= 2
[20][19]= 1
[20][20]= 5
